2 	 0 	 0.090000 	 0.010000 	 0.500000 	 32 	4000 	 10 	 32 	 1 	 2000 	 65.263021
2 	 0 	 0.450000 	 0.050000 	 0.500000 	 32 	4000 	 10 	 32 	 1 	 2000 	 52.449300
2 	 1 	 0.450000 	 0.050000 	 0.500000 	 32 	4000 	 10 	 32 	 1 	 2000 	 52.530684
2 	 2 	 0.450000 	 0.050000 	 0.500000 	 32 	4000 	 10 	 32 	 1 	 2000 	 62.269791
2 	 3 	 0.450000 	 0.050000 	 0.500000 	 32 	4000 	 10 	 32 	 1 	 2000 	 53.845458
2 	 0 	 0.090000 	 0.010000 	 0.750000 	 32 	4000 	 10 	 32 	 1 	 2000 	 56.193834
2 	 0 	 0.450000 	 0.050000 	 0.750000 	 32 	4000 	 10 	 32 	 1 	 2000 	 52.008729
2 	 1 	 0.450000 	 0.050000 	 0.750000 	 32 	4000 	 10 	 32 	 1 	 2000 	 53.054887
2 	 2 	 0.450000 	 0.050000 	 0.750000 	 32 	4000 	 10 	 32 	 1 	 2000 	 94.586031
2 	 3 	 0.450000 	 0.050000 	 0.750000 	 32 	4000 	 10 	 32 	 1 	 2000 	 52.771301
2 	 0 	 0.090000 	 0.010000 	 0.900000 	 32 	4000 	 10 	 32 	 1 	 2000 	 60.113038
2 	 0 	 0.450000 	 0.050000 	 0.900000 	 32 	4000 	 10 	 32 	 1 	 2000 	 52.426312
2 	 1 	 0.450000 	 0.050000 	 0.900000 	 32 	4000 	 10 	 32 	 1 	 2000 	 54.662894
2 	 2 	 0.450000 	 0.050000 	 0.900000 	 32 	4000 	 10 	 32 	 1 	 2000 	 50.715427
2 	 3 	 0.450000 	 0.050000 	 0.900000 	 32 	4000 	 10 	 32 	 1 	 2000 	 52.838835
2 	 0 	 0.090000 	 0.010000 	 0.990000 	 32 	4000 	 10 	 32 	 1 	 2000 	 57.281587
2 	 0 	 0.450000 	 0.050000 	 0.990000 	 32 	4000 	 10 	 32 	 1 	 2000 	 50.303035
2 	 1 	 0.450000 	 0.050000 	 0.990000 	 32 	4000 	 10 	 32 	 1 	 2000 	 50.819204
2 	 2 	 0.450000 	 0.050000 	 0.990000 	 32 	4000 	 10 	 32 	 1 	 2000 	 58.743552
2 	 3 	 0.450000 	 0.050000 	 0.990000 	 32 	4000 	 10 	 32 	 1 	 2000 	 52.665706
2 	 0 	 0.090000 	 0.010000 	 0.500000 	 32 	4000 	 10 	 32 	 3 	 2000 	 399.122476
2 	 0 	 0.450000 	 0.050000 	 0.500000 	 32 	4000 	 10 	 32 	 3 	 2000 	 539.371334
2 	 1 	 0.450000 	 0.050000 	 0.500000 	 32 	4000 	 10 	 32 	 3 	 2000 	 501.073416
2 	 2 	 0.450000 	 0.050000 	 0.500000 	 32 	4000 	 10 	 32 	 3 	 2000 	 541.124770
2 	 3 	 0.450000 	 0.050000 	 0.500000 	 32 	4000 	 10 	 32 	 3 	 2000 	 428.081389
2 	 0 	 0.090000 	 0.010000 	 0.750000 	 32 	4000 	 10 	 32 	 3 	 2000 	 327.545653
2 	 0 	 0.450000 	 0.050000 	 0.750000 	 32 	4000 	 10 	 32 	 3 	 2000 	 467.829717
2 	 1 	 0.450000 	 0.050000 	 0.750000 	 32 	4000 	 10 	 32 	 3 	 2000 	 421.788145
2 	 2 	 0.450000 	 0.050000 	 0.750000 	 32 	4000 	 10 	 32 	 3 	 2000 	 509.256307
2 	 3 	 0.450000 	 0.050000 	 0.750000 	 32 	4000 	 10 	 32 	 3 	 2000 	 702.392789
2 	 0 	 0.090000 	 0.010000 	 0.900000 	 32 	4000 	 10 	 32 	 3 	 2000 	 507.953212
2 	 0 	 0.450000 	 0.050000 	 0.900000 	 32 	4000 	 10 	 32 	 3 	 2000 	 578.327505
2 	 1 	 0.450000 	 0.050000 	 0.900000 	 32 	4000 	 10 	 32 	 3 	 2000 	 342.940862
2 	 2 	 0.450000 	 0.050000 	 0.900000 	 32 	4000 	 10 	 32 	 3 	 2000 	 322.057578
2 	 3 	 0.450000 	 0.050000 	 0.900000 	 32 	4000 	 10 	 32 	 3 	 2000 	 395.635415
2 	 0 	 0.090000 	 0.010000 	 0.990000 	 32 	4000 	 10 	 32 	 3 	 2000 	 402.276335
2 	 0 	 0.450000 	 0.050000 	 0.990000 	 32 	4000 	 10 	 32 	 3 	 2000 	 395.013166
2 	 1 	 0.450000 	 0.050000 	 0.990000 	 32 	4000 	 10 	 32 	 3 	 2000 	 393.306569
2 	 2 	 0.450000 	 0.050000 	 0.990000 	 32 	4000 	 10 	 32 	 3 	 2000 	 336.298327
2 	 3 	 0.450000 	 0.050000 	 0.990000 	 32 	4000 	 10 	 32 	 3 	 2000 	 300.622115
2 	 0 	 0.090000 	 0.010000 	 0.500000 	 32 	4000 	 10 	 32 	 7 	 2000 	 1240.029007
2 	 0 	 0.450000 	 0.050000 	 0.500000 	 32 	4000 	 10 	 32 	 7 	 2000 	 1072.185923
2 	 1 	 0.450000 	 0.050000 	 0.500000 	 32 	4000 	 10 	 32 	 7 	 2000 	 977.919902
2 	 2 	 0.450000 	 0.050000 	 0.500000 	 32 	4000 	 10 	 32 	 7 	 2000 	 1193.943654
2 	 3 	 0.450000 	 0.050000 	 0.500000 	 32 	4000 	 10 	 32 	 7 	 2000 	 1347.469087
2 	 0 	 0.090000 	 0.010000 	 0.750000 	 32 	4000 	 10 	 32 	 7 	 2000 	 1214.417645
2 	 0 	 0.450000 	 0.050000 	 0.750000 	 32 	4000 	 10 	 32 	 7 	 2000 	 1217.555201
2 	 1 	 0.450000 	 0.050000 	 0.750000 	 32 	4000 	 10 	 32 	 7 	 2000 	 1320.698551
2 	 2 	 0.450000 	 0.050000 	 0.750000 	 32 	4000 	 10 	 32 	 7 	 2000 	 1038.222909
2 	 3 	 0.450000 	 0.050000 	 0.750000 	 32 	4000 	 10 	 32 	 7 	 2000 	 956.127331
2 	 0 	 0.090000 	 0.010000 	 0.900000 	 32 	4000 	 10 	 32 	 7 	 2000 	 1059.441152
2 	 0 	 0.450000 	 0.050000 	 0.900000 	 32 	4000 	 10 	 32 	 7 	 2000 	 1095.891741
2 	 1 	 0.450000 	 0.050000 	 0.900000 	 32 	4000 	 10 	 32 	 7 	 2000 	 1494.448962
2 	 2 	 0.450000 	 0.050000 	 0.900000 	 32 	4000 	 10 	 32 	 7 	 2000 	 1152.729705
2 	 3 	 0.450000 	 0.050000 	 0.900000 	 32 	4000 	 10 	 32 	 7 	 2000 	 1133.267955
2 	 0 	 0.090000 	 0.010000 	 0.990000 	 32 	4000 	 10 	 32 	 7 	 2000 	 1059.902040
2 	 0 	 0.450000 	 0.050000 	 0.990000 	 32 	4000 	 10 	 32 	 7 	 2000 	 1081.818654
2 	 1 	 0.450000 	 0.050000 	 0.990000 	 32 	4000 	 10 	 32 	 7 	 2000 	 950.336243
2 	 2 	 0.450000 	 0.050000 	 0.990000 	 32 	4000 	 10 	 32 	 7 	 2000 	 1185.702427
2 	 3 	 0.450000 	 0.050000 	 0.990000 	 32 	4000 	 10 	 32 	 7 	 2000 	 1211.617393
2 	 0 	 0.090000 	 0.010000 	 0.500000 	 32 	4000 	 10 	 32 	 15 	 2000 	 1401.345404
2 	 0 	 0.450000 	 0.050000 	 0.500000 	 32 	4000 	 10 	 32 	 15 	 2000 	 1434.849494
2 	 1 	 0.450000 	 0.050000 	 0.500000 	 32 	4000 	 10 	 32 	 15 	 2000 	 1377.674606
2 	 2 	 0.450000 	 0.050000 	 0.500000 	 32 	4000 	 10 	 32 	 15 	 2000 	 1453.211697
2 	 3 	 0.450000 	 0.050000 	 0.500000 	 32 	4000 	 10 	 32 	 15 	 2000 	 1485.016871
2 	 0 	 0.090000 	 0.010000 	 0.750000 	 32 	4000 	 10 	 32 	 15 	 2000 	 1395.263748
2 	 0 	 0.450000 	 0.050000 	 0.750000 	 32 	4000 	 10 	 32 	 15 	 2000 	 1385.041336
2 	 1 	 0.450000 	 0.050000 	 0.750000 	 32 	4000 	 10 	 32 	 15 	 2000 	 1419.181648
2 	 2 	 0.450000 	 0.050000 	 0.750000 	 32 	4000 	 10 	 32 	 15 	 2000 	 1420.799041
2 	 3 	 0.450000 	 0.050000 	 0.750000 	 32 	4000 	 10 	 32 	 15 	 2000 	 1370.323352
2 	 0 	 0.090000 	 0.010000 	 0.900000 	 32 	4000 	 10 	 32 	 15 	 2000 	 1485.659214
2 	 0 	 0.450000 	 0.050000 	 0.900000 	 32 	4000 	 10 	 32 	 15 	 2000 	 1395.327747
2 	 1 	 0.450000 	 0.050000 	 0.900000 	 32 	4000 	 10 	 32 	 15 	 2000 	 1292.783049
2 	 2 	 0.450000 	 0.050000 	 0.900000 	 32 	4000 	 10 	 32 	 15 	 2000 	 1401.024411
2 	 3 	 0.450000 	 0.050000 	 0.900000 	 32 	4000 	 10 	 32 	 15 	 2000 	 1406.467050
2 	 0 	 0.090000 	 0.010000 	 0.990000 	 32 	4000 	 10 	 32 	 15 	 2000 	 1436.998975
2 	 0 	 0.450000 	 0.050000 	 0.990000 	 32 	4000 	 10 	 32 	 15 	 2000 	 1401.455085
2 	 1 	 0.450000 	 0.050000 	 0.990000 	 32 	4000 	 10 	 32 	 15 	 2000 	 1408.453319
2 	 2 	 0.450000 	 0.050000 	 0.990000 	 32 	4000 	 10 	 32 	 15 	 2000 	 1376.874394
2 	 3 	 0.450000 	 0.050000 	 0.990000 	 32 	4000 	 10 	 32 	 15 	 2000 	 1365.151558
