0 	 0.090000 	 0.010000 	 0.500000 	 32 	4000 	 10 	 32 	 1 	 2000 	 19725.756246
1 	 0.090000 	 0.010000 	 0.500000 	 32 	4000 	 10 	 32 	 1 	 2000 	 27023.086883
2 	 0.090000 	 0.010000 	 0.500000 	 32 	4000 	 10 	 32 	 1 	 2000 	 29253.985865
3 	 0.090000 	 0.010000 	 0.500000 	 32 	4000 	 10 	 32 	 1 	 2000 	 25196.896433
0 	 0.450000 	 0.050000 	 0.500000 	 32 	4000 	 10 	 32 	 1 	 2000 	 29694.955175
1 	 0.450000 	 0.050000 	 0.500000 	 32 	4000 	 10 	 32 	 1 	 2000 	 30136.825611
2 	 0.450000 	 0.050000 	 0.500000 	 32 	4000 	 10 	 32 	 1 	 2000 	 50194.194799
3 	 0.450000 	 0.050000 	 0.500000 	 32 	4000 	 10 	 32 	 1 	 2000 	 12984.178174
0 	 0.090000 	 0.010000 	 0.750000 	 32 	4000 	 10 	 32 	 1 	 2000 	 55402.888118
1 	 0.090000 	 0.010000 	 0.750000 	 32 	4000 	 10 	 32 	 1 	 2000 	 30346.572119
2 	 0.090000 	 0.010000 	 0.750000 	 32 	4000 	 10 	 32 	 1 	 2000 	 38204.191795
3 	 0.090000 	 0.010000 	 0.750000 	 32 	4000 	 10 	 32 	 1 	 2000 	 25768.009516
0 	 0.450000 	 0.050000 	 0.750000 	 32 	4000 	 10 	 32 	 1 	 2000 	 21801.107709
1 	 0.450000 	 0.050000 	 0.750000 	 32 	4000 	 10 	 32 	 1 	 2000 	 35459.421843
2 	 0.450000 	 0.050000 	 0.750000 	 32 	4000 	 10 	 32 	 1 	 2000 	 54981.213190
3 	 0.450000 	 0.050000 	 0.750000 	 32 	4000 	 10 	 32 	 1 	 2000 	 16843.500841
0 	 0.090000 	 0.010000 	 0.900000 	 32 	4000 	 10 	 32 	 1 	 2000 	 64323.315134
1 	 0.090000 	 0.010000 	 0.900000 	 32 	4000 	 10 	 32 	 1 	 2000 	 55952.883926
2 	 0.090000 	 0.010000 	 0.900000 	 32 	4000 	 10 	 32 	 1 	 2000 	 32570.196555
3 	 0.090000 	 0.010000 	 0.900000 	 32 	4000 	 10 	 32 	 1 	 2000 	 27067.287907
0 	 0.450000 	 0.050000 	 0.900000 	 32 	4000 	 10 	 32 	 1 	 2000 	 25112.403959
1 	 0.450000 	 0.050000 	 0.900000 	 32 	4000 	 10 	 32 	 1 	 2000 	 26918.767720
2 	 0.450000 	 0.050000 	 0.900000 	 32 	4000 	 10 	 32 	 1 	 2000 	 24744.500577
3 	 0.450000 	 0.050000 	 0.900000 	 32 	4000 	 10 	 32 	 1 	 2000 	 12982.843842
0 	 0.090000 	 0.010000 	 0.990000 	 32 	4000 	 10 	 32 	 1 	 2000 	 36566.629581
1 	 0.090000 	 0.010000 	 0.990000 	 32 	4000 	 10 	 32 	 1 	 2000 	 27046.545030
2 	 0.090000 	 0.010000 	 0.990000 	 32 	4000 	 10 	 32 	 1 	 2000 	 48421.005104
3 	 0.090000 	 0.010000 	 0.990000 	 32 	4000 	 10 	 32 	 1 	 2000 	 35825.423149
0 	 0.450000 	 0.050000 	 0.990000 	 32 	4000 	 10 	 32 	 1 	 2000 	 35702.905132
1 	 0.450000 	 0.050000 	 0.990000 	 32 	4000 	 10 	 32 	 1 	 2000 	 50507.218371
2 	 0.450000 	 0.050000 	 0.990000 	 32 	4000 	 10 	 32 	 1 	 2000 	 41919.997998
3 	 0.450000 	 0.050000 	 0.990000 	 32 	4000 	 10 	 32 	 1 	 2000 	 11383.237495
0 	 0.090000 	 0.010000 	 0.500000 	 32 	4000 	 10 	 32 	 2 	 2000 	 9420.825188
1 	 0.090000 	 0.010000 	 0.500000 	 32 	4000 	 10 	 32 	 2 	 2000 	 8912.900385
2 	 0.090000 	 0.010000 	 0.500000 	 32 	4000 	 10 	 32 	 2 	 2000 	 5005.844867
3 	 0.090000 	 0.010000 	 0.500000 	 32 	4000 	 10 	 32 	 2 	 2000 	 3982.905638
0 	 0.450000 	 0.050000 	 0.500000 	 32 	4000 	 10 	 32 	 2 	 2000 	 6051.902208
1 	 0.450000 	 0.050000 	 0.500000 	 32 	4000 	 10 	 32 	 2 	 2000 	 5081.690615
2 	 0.450000 	 0.050000 	 0.500000 	 32 	4000 	 10 	 32 	 2 	 2000 	 6779.271318
3 	 0.450000 	 0.050000 	 0.500000 	 32 	4000 	 10 	 32 	 2 	 2000 	 3614.782211
0 	 0.090000 	 0.010000 	 0.750000 	 32 	4000 	 10 	 32 	 2 	 2000 	 5113.976592
1 	 0.090000 	 0.010000 	 0.750000 	 32 	4000 	 10 	 32 	 2 	 2000 	 8832.059356
2 	 0.090000 	 0.010000 	 0.750000 	 32 	4000 	 10 	 32 	 2 	 2000 	 8004.608145
3 	 0.090000 	 0.010000 	 0.750000 	 32 	4000 	 10 	 32 	 2 	 2000 	 6959.688076
0 	 0.450000 	 0.050000 	 0.750000 	 32 	4000 	 10 	 32 	 2 	 2000 	 7218.434224
1 	 0.450000 	 0.050000 	 0.750000 	 32 	4000 	 10 	 32 	 2 	 2000 	 6702.025319
2 	 0.450000 	 0.050000 	 0.750000 	 32 	4000 	 10 	 32 	 2 	 2000 	 5587.324259
3 	 0.450000 	 0.050000 	 0.750000 	 32 	4000 	 10 	 32 	 2 	 2000 	 8251.393660
0 	 0.090000 	 0.010000 	 0.900000 	 32 	4000 	 10 	 32 	 2 	 2000 	 15766.979748
1 	 0.090000 	 0.010000 	 0.900000 	 32 	4000 	 10 	 32 	 2 	 2000 	 14961.687923
2 	 0.090000 	 0.010000 	 0.900000 	 32 	4000 	 10 	 32 	 2 	 2000 	 12272.626233
3 	 0.090000 	 0.010000 	 0.900000 	 32 	4000 	 10 	 32 	 2 	 2000 	 11169.476819
0 	 0.450000 	 0.050000 	 0.900000 	 32 	4000 	 10 	 32 	 2 	 2000 	 5542.198993
1 	 0.450000 	 0.050000 	 0.900000 	 32 	4000 	 10 	 32 	 2 	 2000 	 6048.064312
2 	 0.450000 	 0.050000 	 0.900000 	 32 	4000 	 10 	 32 	 2 	 2000 	 13692.693073
3 	 0.450000 	 0.050000 	 0.900000 	 32 	4000 	 10 	 32 	 2 	 2000 	 5275.521318
0 	 0.090000 	 0.010000 	 0.990000 	 32 	4000 	 10 	 32 	 2 	 2000 	 7674.977430
1 	 0.090000 	 0.010000 	 0.990000 	 32 	4000 	 10 	 32 	 2 	 2000 	 8409.847244
2 	 0.090000 	 0.010000 	 0.990000 	 32 	4000 	 10 	 32 	 2 	 2000 	 5340.453062
3 	 0.090000 	 0.010000 	 0.990000 	 32 	4000 	 10 	 32 	 2 	 2000 	 12396.011453
0 	 0.450000 	 0.050000 	 0.990000 	 32 	4000 	 10 	 32 	 2 	 2000 	 6244.511163
1 	 0.450000 	 0.050000 	 0.990000 	 32 	4000 	 10 	 32 	 2 	 2000 	 20697.361389
2 	 0.450000 	 0.050000 	 0.990000 	 32 	4000 	 10 	 32 	 2 	 2000 	 10244.198756
3 	 0.450000 	 0.050000 	 0.990000 	 32 	4000 	 10 	 32 	 2 	 2000 	 4740.679404
0 	 0.090000 	 0.010000 	 0.500000 	 32 	4000 	 10 	 32 	 4 	 2000 	 4526.168233
1 	 0.090000 	 0.010000 	 0.500000 	 32 	4000 	 10 	 32 	 4 	 2000 	 6861.368540
2 	 0.090000 	 0.010000 	 0.500000 	 32 	4000 	 10 	 32 	 4 	 2000 	 6258.437040
3 	 0.090000 	 0.010000 	 0.500000 	 32 	4000 	 10 	 32 	 4 	 2000 	 5024.067835
0 	 0.450000 	 0.050000 	 0.500000 	 32 	4000 	 10 	 32 	 4 	 2000 	 4875.895566
1 	 0.450000 	 0.050000 	 0.500000 	 32 	4000 	 10 	 32 	 4 	 2000 	 6548.751007
2 	 0.450000 	 0.050000 	 0.500000 	 32 	4000 	 10 	 32 	 4 	 2000 	 8749.826675
3 	 0.450000 	 0.050000 	 0.500000 	 32 	4000 	 10 	 32 	 4 	 2000 	 16209.482332
0 	 0.090000 	 0.010000 	 0.750000 	 32 	4000 	 10 	 32 	 4 	 2000 	 7771.864066
1 	 0.090000 	 0.010000 	 0.750000 	 32 	4000 	 10 	 32 	 4 	 2000 	 5850.949557
2 	 0.090000 	 0.010000 	 0.750000 	 32 	4000 	 10 	 32 	 4 	 2000 	 4690.270113
3 	 0.090000 	 0.010000 	 0.750000 	 32 	4000 	 10 	 32 	 4 	 2000 	 5622.143980
0 	 0.450000 	 0.050000 	 0.750000 	 32 	4000 	 10 	 32 	 4 	 2000 	 4153.609740
1 	 0.450000 	 0.050000 	 0.750000 	 32 	4000 	 10 	 32 	 4 	 2000 	 5345.401817
2 	 0.450000 	 0.050000 	 0.750000 	 32 	4000 	 10 	 32 	 4 	 2000 	 4935.268756
3 	 0.450000 	 0.050000 	 0.750000 	 32 	4000 	 10 	 32 	 4 	 2000 	 4544.825173
0 	 0.090000 	 0.010000 	 0.900000 	 32 	4000 	 10 	 32 	 4 	 2000 	 3719.419997
1 	 0.090000 	 0.010000 	 0.900000 	 32 	4000 	 10 	 32 	 4 	 2000 	 5776.464858
2 	 0.090000 	 0.010000 	 0.900000 	 32 	4000 	 10 	 32 	 4 	 2000 	 6502.958436
3 	 0.090000 	 0.010000 	 0.900000 	 32 	4000 	 10 	 32 	 4 	 2000 	 7628.214969
0 	 0.450000 	 0.050000 	 0.900000 	 32 	4000 	 10 	 32 	 4 	 2000 	 3259.122637
1 	 0.450000 	 0.050000 	 0.900000 	 32 	4000 	 10 	 32 	 4 	 2000 	 5682.622877
2 	 0.450000 	 0.050000 	 0.900000 	 32 	4000 	 10 	 32 	 4 	 2000 	 7139.132006
3 	 0.450000 	 0.050000 	 0.900000 	 32 	4000 	 10 	 32 	 4 	 2000 	 21177.120226
0 	 0.090000 	 0.010000 	 0.990000 	 32 	4000 	 10 	 32 	 4 	 2000 	 8783.279321
1 	 0.090000 	 0.010000 	 0.990000 	 32 	4000 	 10 	 32 	 4 	 2000 	 4129.163706
2 	 0.090000 	 0.010000 	 0.990000 	 32 	4000 	 10 	 32 	 4 	 2000 	 5122.086573
3 	 0.090000 	 0.010000 	 0.990000 	 32 	4000 	 10 	 32 	 4 	 2000 	 6619.849999
0 	 0.450000 	 0.050000 	 0.990000 	 32 	4000 	 10 	 32 	 4 	 2000 	 4508.265414
1 	 0.450000 	 0.050000 	 0.990000 	 32 	4000 	 10 	 32 	 4 	 2000 	 6846.228627
2 	 0.450000 	 0.050000 	 0.990000 	 32 	4000 	 10 	 32 	 4 	 2000 	 4884.554639
3 	 0.450000 	 0.050000 	 0.990000 	 32 	4000 	 10 	 32 	 4 	 2000 	 3809.743105
0 	 0.090000 	 0.010000 	 0.500000 	 32 	4000 	 10 	 32 	 8 	 2000 	 3452.826679
1 	 0.090000 	 0.010000 	 0.500000 	 32 	4000 	 10 	 32 	 8 	 2000 	 7432.327960
2 	 0.090000 	 0.010000 	 0.500000 	 32 	4000 	 10 	 32 	 8 	 2000 	 5082.777319
3 	 0.090000 	 0.010000 	 0.500000 	 32 	4000 	 10 	 32 	 8 	 2000 	 4626.837283
0 	 0.450000 	 0.050000 	 0.500000 	 32 	4000 	 10 	 32 	 8 	 2000 	 3682.488381
1 	 0.450000 	 0.050000 	 0.500000 	 32 	4000 	 10 	 32 	 8 	 2000 	 4792.206765
2 	 0.450000 	 0.050000 	 0.500000 	 32 	4000 	 10 	 32 	 8 	 2000 	 4099.630028
3 	 0.450000 	 0.050000 	 0.500000 	 32 	4000 	 10 	 32 	 8 	 2000 	 34210.969276
0 	 0.090000 	 0.010000 	 0.750000 	 32 	4000 	 10 	 32 	 8 	 2000 	 7937.657411
1 	 0.090000 	 0.010000 	 0.750000 	 32 	4000 	 10 	 32 	 8 	 2000 	 6155.577636
2 	 0.090000 	 0.010000 	 0.750000 	 32 	4000 	 10 	 32 	 8 	 2000 	 5178.316851
3 	 0.090000 	 0.010000 	 0.750000 	 32 	4000 	 10 	 32 	 8 	 2000 	 4318.192232
0 	 0.450000 	 0.050000 	 0.750000 	 32 	4000 	 10 	 32 	 8 	 2000 	 4310.627501
1 	 0.450000 	 0.050000 	 0.750000 	 32 	4000 	 10 	 32 	 8 	 2000 	 3614.127028
2 	 0.450000 	 0.050000 	 0.750000 	 32 	4000 	 10 	 32 	 8 	 2000 	 6342.029476
3 	 0.450000 	 0.050000 	 0.750000 	 32 	4000 	 10 	 32 	 8 	 2000 	 41569.332148
0 	 0.090000 	 0.010000 	 0.900000 	 32 	4000 	 10 	 32 	 8 	 2000 	 5902.639746
1 	 0.090000 	 0.010000 	 0.900000 	 32 	4000 	 10 	 32 	 8 	 2000 	 4623.113785
2 	 0.090000 	 0.010000 	 0.900000 	 32 	4000 	 10 	 32 	 8 	 2000 	 4233.884143
3 	 0.090000 	 0.010000 	 0.900000 	 32 	4000 	 10 	 32 	 8 	 2000 	 7014.849312
0 	 0.450000 	 0.050000 	 0.900000 	 32 	4000 	 10 	 32 	 8 	 2000 	 4198.605405
1 	 0.450000 	 0.050000 	 0.900000 	 32 	4000 	 10 	 32 	 8 	 2000 	 5379.426852
2 	 0.450000 	 0.050000 	 0.900000 	 32 	4000 	 10 	 32 	 8 	 2000 	 3347.235163
3 	 0.450000 	 0.050000 	 0.900000 	 32 	4000 	 10 	 32 	 8 	 2000 	 21629.124670
0 	 0.090000 	 0.010000 	 0.990000 	 32 	4000 	 10 	 32 	 8 	 2000 	 4739.939394
1 	 0.090000 	 0.010000 	 0.990000 	 32 	4000 	 10 	 32 	 8 	 2000 	 4306.431061
2 	 0.090000 	 0.010000 	 0.990000 	 32 	4000 	 10 	 32 	 8 	 2000 	 5912.474152
3 	 0.090000 	 0.010000 	 0.990000 	 32 	4000 	 10 	 32 	 8 	 2000 	 5379.974580
0 	 0.450000 	 0.050000 	 0.990000 	 32 	4000 	 10 	 32 	 8 	 2000 	 2424.208280
1 	 0.450000 	 0.050000 	 0.990000 	 32 	4000 	 10 	 32 	 8 	 2000 	 3273.801076
2 	 0.450000 	 0.050000 	 0.990000 	 32 	4000 	 10 	 32 	 8 	 2000 	 5129.027731
3 	 0.450000 	 0.050000 	 0.990000 	 32 	4000 	 10 	 32 	 8 	 2000 	 5051.909751
0 	 0.090000 	 0.010000 	 0.500000 	 32 	4000 	 10 	 32 	 16 	 2000 	 6649.937599
1 	 0.090000 	 0.010000 	 0.500000 	 32 	4000 	 10 	 32 	 16 	 2000 	 10437.861899
2 	 0.090000 	 0.010000 	 0.500000 	 32 	4000 	 10 	 32 	 16 	 2000 	 10179.943017
3 	 0.090000 	 0.010000 	 0.500000 	 32 	4000 	 10 	 32 	 16 	 2000 	 10880.640560
0 	 0.450000 	 0.050000 	 0.500000 	 32 	4000 	 10 	 32 	 16 	 2000 	 6756.922236
1 	 0.450000 	 0.050000 	 0.500000 	 32 	4000 	 10 	 32 	 16 	 2000 	 10466.721385
2 	 0.450000 	 0.050000 	 0.500000 	 32 	4000 	 10 	 32 	 16 	 2000 	 10483.606526
3 	 0.450000 	 0.050000 	 0.500000 	 32 	4000 	 10 	 32 	 16 	 2000 	 6652.498597
0 	 0.090000 	 0.010000 	 0.750000 	 32 	4000 	 10 	 32 	 16 	 2000 	 8038.446595
1 	 0.090000 	 0.010000 	 0.750000 	 32 	4000 	 10 	 32 	 16 	 2000 	 7700.468842
2 	 0.090000 	 0.010000 	 0.750000 	 32 	4000 	 10 	 32 	 16 	 2000 	 6213.072345
3 	 0.090000 	 0.010000 	 0.750000 	 32 	4000 	 10 	 32 	 16 	 2000 	 6594.807689
0 	 0.450000 	 0.050000 	 0.750000 	 32 	4000 	 10 	 32 	 16 	 2000 	 6758.456477
1 	 0.450000 	 0.050000 	 0.750000 	 32 	4000 	 10 	 32 	 16 	 2000 	 5836.302824
2 	 0.450000 	 0.050000 	 0.750000 	 32 	4000 	 10 	 32 	 16 	 2000 	 8029.989066
3 	 0.450000 	 0.050000 	 0.750000 	 32 	4000 	 10 	 32 	 16 	 2000 	 4925.205315
0 	 0.090000 	 0.010000 	 0.900000 	 32 	4000 	 10 	 32 	 16 	 2000 	 7129.429891
1 	 0.090000 	 0.010000 	 0.900000 	 32 	4000 	 10 	 32 	 16 	 2000 	 8993.860844
2 	 0.090000 	 0.010000 	 0.900000 	 32 	4000 	 10 	 32 	 16 	 2000 	 11586.911396
3 	 0.090000 	 0.010000 	 0.900000 	 32 	4000 	 10 	 32 	 16 	 2000 	 8769.330170
0 	 0.450000 	 0.050000 	 0.900000 	 32 	4000 	 10 	 32 	 16 	 2000 	 5744.293267
1 	 0.450000 	 0.050000 	 0.900000 	 32 	4000 	 10 	 32 	 16 	 2000 	 8447.818338
2 	 0.450000 	 0.050000 	 0.900000 	 32 	4000 	 10 	 32 	 16 	 2000 	 8741.273583
3 	 0.450000 	 0.050000 	 0.900000 	 32 	4000 	 10 	 32 	 16 	 2000 	 8519.920052
0 	 0.090000 	 0.010000 	 0.990000 	 32 	4000 	 10 	 32 	 16 	 2000 	 5859.585998
1 	 0.090000 	 0.010000 	 0.990000 	 32 	4000 	 10 	 32 	 16 	 2000 	 9512.550679
2 	 0.090000 	 0.010000 	 0.990000 	 32 	4000 	 10 	 32 	 16 	 2000 	 4977.496055
3 	 0.090000 	 0.010000 	 0.990000 	 32 	4000 	 10 	 32 	 16 	 2000 	 6276.173174
0 	 0.450000 	 0.050000 	 0.990000 	 32 	4000 	 10 	 32 	 16 	 2000 	 4765.674575
1 	 0.450000 	 0.050000 	 0.990000 	 32 	4000 	 10 	 32 	 16 	 2000 	 5451.312657
2 	 0.450000 	 0.050000 	 0.990000 	 32 	4000 	 10 	 32 	 16 	 2000 	 7186.155578
3 	 0.450000 	 0.050000 	 0.990000 	 32 	4000 	 10 	 32 	 16 	 2000 	 5048.483241
