2 	 0 	 0.090000 	 0.010000 	 0.500000 	 32 	4000 	 10 	 32 	 1 	 2000 	 53.552848
2 	 1 	 0.090000 	 0.010000 	 0.500000 	 32 	4000 	 10 	 32 	 1 	 2000 	 53.463002
2 	 2 	 0.090000 	 0.010000 	 0.500000 	 32 	4000 	 10 	 32 	 1 	 2000 	 56.620116
2 	 3 	 0.090000 	 0.010000 	 0.500000 	 32 	4000 	 10 	 32 	 1 	 2000 	 58.616202
2 	 0 	 0.450000 	 0.050000 	 0.500000 	 32 	4000 	 10 	 32 	 1 	 2000 	 55.944139
2 	 1 	 0.450000 	 0.050000 	 0.500000 	 32 	4000 	 10 	 32 	 1 	 2000 	 58.009007
2 	 2 	 0.450000 	 0.050000 	 0.500000 	 32 	4000 	 10 	 32 	 1 	 2000 	 57.710809
2 	 3 	 0.450000 	 0.050000 	 0.500000 	 32 	4000 	 10 	 32 	 1 	 2000 	 57.284038
2 	 0 	 0.090000 	 0.010000 	 0.750000 	 32 	4000 	 10 	 32 	 1 	 2000 	 51.729343
2 	 1 	 0.090000 	 0.010000 	 0.750000 	 32 	4000 	 10 	 32 	 1 	 2000 	 53.209187
2 	 2 	 0.090000 	 0.010000 	 0.750000 	 32 	4000 	 10 	 32 	 1 	 2000 	 84.702553
2 	 3 	 0.090000 	 0.010000 	 0.750000 	 32 	4000 	 10 	 32 	 1 	 2000 	 52.106527
2 	 0 	 0.450000 	 0.050000 	 0.750000 	 32 	4000 	 10 	 32 	 1 	 2000 	 52.100063
2 	 1 	 0.450000 	 0.050000 	 0.750000 	 32 	4000 	 10 	 32 	 1 	 2000 	 96.397924
2 	 2 	 0.450000 	 0.050000 	 0.750000 	 32 	4000 	 10 	 32 	 1 	 2000 	 85.331963
2 	 3 	 0.450000 	 0.050000 	 0.750000 	 32 	4000 	 10 	 32 	 1 	 2000 	 53.640011
2 	 0 	 0.090000 	 0.010000 	 0.900000 	 32 	4000 	 10 	 32 	 1 	 2000 	 58.895637
2 	 1 	 0.090000 	 0.010000 	 0.900000 	 32 	4000 	 10 	 32 	 1 	 2000 	 55.724977
2 	 2 	 0.090000 	 0.010000 	 0.900000 	 32 	4000 	 10 	 32 	 1 	 2000 	 71.281180
2 	 3 	 0.090000 	 0.010000 	 0.900000 	 32 	4000 	 10 	 32 	 1 	 2000 	 53.239330
2 	 0 	 0.450000 	 0.050000 	 0.900000 	 32 	4000 	 10 	 32 	 1 	 2000 	 58.278314
2 	 1 	 0.450000 	 0.050000 	 0.900000 	 32 	4000 	 10 	 32 	 1 	 2000 	 58.707389
2 	 2 	 0.450000 	 0.050000 	 0.900000 	 32 	4000 	 10 	 32 	 1 	 2000 	 54.114550
2 	 3 	 0.450000 	 0.050000 	 0.900000 	 32 	4000 	 10 	 32 	 1 	 2000 	 53.273219
2 	 0 	 0.090000 	 0.010000 	 0.990000 	 32 	4000 	 10 	 32 	 1 	 2000 	 80.740670
2 	 1 	 0.090000 	 0.010000 	 0.990000 	 32 	4000 	 10 	 32 	 1 	 2000 	 51.491159
2 	 2 	 0.090000 	 0.010000 	 0.990000 	 32 	4000 	 10 	 32 	 1 	 2000 	 66.294850
2 	 3 	 0.090000 	 0.010000 	 0.990000 	 32 	4000 	 10 	 32 	 1 	 2000 	 53.021412
2 	 0 	 0.450000 	 0.050000 	 0.990000 	 32 	4000 	 10 	 32 	 1 	 2000 	 51.933206
2 	 1 	 0.450000 	 0.050000 	 0.990000 	 32 	4000 	 10 	 32 	 1 	 2000 	 51.935281
2 	 2 	 0.450000 	 0.050000 	 0.990000 	 32 	4000 	 10 	 32 	 1 	 2000 	 57.936636
2 	 3 	 0.450000 	 0.050000 	 0.990000 	 32 	4000 	 10 	 32 	 1 	 2000 	 73.488421
2 	 0 	 0.090000 	 0.010000 	 0.500000 	 32 	4000 	 10 	 32 	 3 	 2000 	 502.465872
2 	 1 	 0.090000 	 0.010000 	 0.500000 	 32 	4000 	 10 	 32 	 3 	 2000 	 579.532756
2 	 2 	 0.090000 	 0.010000 	 0.500000 	 32 	4000 	 10 	 32 	 3 	 2000 	 304.226432
2 	 3 	 0.090000 	 0.010000 	 0.500000 	 32 	4000 	 10 	 32 	 3 	 2000 	 340.519342
2 	 0 	 0.450000 	 0.050000 	 0.500000 	 32 	4000 	 10 	 32 	 3 	 2000 	 464.658033
2 	 1 	 0.450000 	 0.050000 	 0.500000 	 32 	4000 	 10 	 32 	 3 	 2000 	 596.230480
2 	 2 	 0.450000 	 0.050000 	 0.500000 	 32 	4000 	 10 	 32 	 3 	 2000 	 417.129824
2 	 3 	 0.450000 	 0.050000 	 0.500000 	 32 	4000 	 10 	 32 	 3 	 2000 	 369.532548
2 	 0 	 0.090000 	 0.010000 	 0.750000 	 32 	4000 	 10 	 32 	 3 	 2000 	 467.642036
2 	 1 	 0.090000 	 0.010000 	 0.750000 	 32 	4000 	 10 	 32 	 3 	 2000 	 344.369624
2 	 2 	 0.090000 	 0.010000 	 0.750000 	 32 	4000 	 10 	 32 	 3 	 2000 	 471.362137
2 	 3 	 0.090000 	 0.010000 	 0.750000 	 32 	4000 	 10 	 32 	 3 	 2000 	 539.558240
2 	 0 	 0.450000 	 0.050000 	 0.750000 	 32 	4000 	 10 	 32 	 3 	 2000 	 389.109872
2 	 1 	 0.450000 	 0.050000 	 0.750000 	 32 	4000 	 10 	 32 	 3 	 2000 	 365.898639
2 	 2 	 0.450000 	 0.050000 	 0.750000 	 32 	4000 	 10 	 32 	 3 	 2000 	 384.617478
2 	 3 	 0.450000 	 0.050000 	 0.750000 	 32 	4000 	 10 	 32 	 3 	 2000 	 572.436326
2 	 0 	 0.090000 	 0.010000 	 0.900000 	 32 	4000 	 10 	 32 	 3 	 2000 	 369.601813
2 	 1 	 0.090000 	 0.010000 	 0.900000 	 32 	4000 	 10 	 32 	 3 	 2000 	 321.180901
2 	 2 	 0.090000 	 0.010000 	 0.900000 	 32 	4000 	 10 	 32 	 3 	 2000 	 552.413079
2 	 3 	 0.090000 	 0.010000 	 0.900000 	 32 	4000 	 10 	 32 	 3 	 2000 	 537.447378
2 	 0 	 0.450000 	 0.050000 	 0.900000 	 32 	4000 	 10 	 32 	 3 	 2000 	 514.941214
2 	 1 	 0.450000 	 0.050000 	 0.900000 	 32 	4000 	 10 	 32 	 3 	 2000 	 633.589967
2 	 2 	 0.450000 	 0.050000 	 0.900000 	 32 	4000 	 10 	 32 	 3 	 2000 	 349.904455
2 	 3 	 0.450000 	 0.050000 	 0.900000 	 32 	4000 	 10 	 32 	 3 	 2000 	 334.895824
2 	 0 	 0.090000 	 0.010000 	 0.990000 	 32 	4000 	 10 	 32 	 3 	 2000 	 322.702096
2 	 1 	 0.090000 	 0.010000 	 0.990000 	 32 	4000 	 10 	 32 	 3 	 2000 	 492.297176
2 	 2 	 0.090000 	 0.010000 	 0.990000 	 32 	4000 	 10 	 32 	 3 	 2000 	 602.811293
2 	 3 	 0.090000 	 0.010000 	 0.990000 	 32 	4000 	 10 	 32 	 3 	 2000 	 392.148198
2 	 0 	 0.450000 	 0.050000 	 0.990000 	 32 	4000 	 10 	 32 	 3 	 2000 	 420.902274
2 	 1 	 0.450000 	 0.050000 	 0.990000 	 32 	4000 	 10 	 32 	 3 	 2000 	 476.913289
2 	 2 	 0.450000 	 0.050000 	 0.990000 	 32 	4000 	 10 	 32 	 3 	 2000 	 747.948703
2 	 3 	 0.450000 	 0.050000 	 0.990000 	 32 	4000 	 10 	 32 	 3 	 2000 	 344.345240
2 	 0 	 0.090000 	 0.010000 	 0.500000 	 32 	4000 	 10 	 32 	 7 	 2000 	 1192.607798
2 	 1 	 0.090000 	 0.010000 	 0.500000 	 32 	4000 	 10 	 32 	 7 	 2000 	 1156.783548
2 	 2 	 0.090000 	 0.010000 	 0.500000 	 32 	4000 	 10 	 32 	 7 	 2000 	 1098.986297
2 	 3 	 0.090000 	 0.010000 	 0.500000 	 32 	4000 	 10 	 32 	 7 	 2000 	 1241.473838
2 	 0 	 0.450000 	 0.050000 	 0.500000 	 32 	4000 	 10 	 32 	 7 	 2000 	 1153.805286
2 	 1 	 0.450000 	 0.050000 	 0.500000 	 32 	4000 	 10 	 32 	 7 	 2000 	 1149.632708
2 	 2 	 0.450000 	 0.050000 	 0.500000 	 32 	4000 	 10 	 32 	 7 	 2000 	 1384.906015
2 	 3 	 0.450000 	 0.050000 	 0.500000 	 32 	4000 	 10 	 32 	 7 	 2000 	 1198.840217
2 	 0 	 0.090000 	 0.010000 	 0.750000 	 32 	4000 	 10 	 32 	 7 	 2000 	 1020.721344
2 	 1 	 0.090000 	 0.010000 	 0.750000 	 32 	4000 	 10 	 32 	 7 	 2000 	 997.336887
2 	 2 	 0.090000 	 0.010000 	 0.750000 	 32 	4000 	 10 	 32 	 7 	 2000 	 1119.144842
2 	 3 	 0.090000 	 0.010000 	 0.750000 	 32 	4000 	 10 	 32 	 7 	 2000 	 1320.791512
2 	 0 	 0.450000 	 0.050000 	 0.750000 	 32 	4000 	 10 	 32 	 7 	 2000 	 1280.219354
2 	 1 	 0.450000 	 0.050000 	 0.750000 	 32 	4000 	 10 	 32 	 7 	 2000 	 1231.340819
2 	 2 	 0.450000 	 0.050000 	 0.750000 	 32 	4000 	 10 	 32 	 7 	 2000 	 1300.218835
2 	 3 	 0.450000 	 0.050000 	 0.750000 	 32 	4000 	 10 	 32 	 7 	 2000 	 1326.957535
2 	 0 	 0.090000 	 0.010000 	 0.900000 	 32 	4000 	 10 	 32 	 7 	 2000 	 948.745907
2 	 1 	 0.090000 	 0.010000 	 0.900000 	 32 	4000 	 10 	 32 	 7 	 2000 	 1095.766978
2 	 2 	 0.090000 	 0.010000 	 0.900000 	 32 	4000 	 10 	 32 	 7 	 2000 	 1142.749856
2 	 3 	 0.090000 	 0.010000 	 0.900000 	 32 	4000 	 10 	 32 	 7 	 2000 	 1139.651612
2 	 0 	 0.450000 	 0.050000 	 0.900000 	 32 	4000 	 10 	 32 	 7 	 2000 	 1116.871496
2 	 1 	 0.450000 	 0.050000 	 0.900000 	 32 	4000 	 10 	 32 	 7 	 2000 	 1144.079111
2 	 2 	 0.450000 	 0.050000 	 0.900000 	 32 	4000 	 10 	 32 	 7 	 2000 	 1162.470589
2 	 3 	 0.450000 	 0.050000 	 0.900000 	 32 	4000 	 10 	 32 	 7 	 2000 	 1186.547486
2 	 0 	 0.090000 	 0.010000 	 0.990000 	 32 	4000 	 10 	 32 	 7 	 2000 	 1067.612047
2 	 1 	 0.090000 	 0.010000 	 0.990000 	 32 	4000 	 10 	 32 	 7 	 2000 	 1151.558135
2 	 2 	 0.090000 	 0.010000 	 0.990000 	 32 	4000 	 10 	 32 	 7 	 2000 	 1196.003719
2 	 3 	 0.090000 	 0.010000 	 0.990000 	 32 	4000 	 10 	 32 	 7 	 2000 	 1198.817449
2 	 0 	 0.450000 	 0.050000 	 0.990000 	 32 	4000 	 10 	 32 	 7 	 2000 	 1014.602847
2 	 1 	 0.450000 	 0.050000 	 0.990000 	 32 	4000 	 10 	 32 	 7 	 2000 	 1073.417625
2 	 2 	 0.450000 	 0.050000 	 0.990000 	 32 	4000 	 10 	 32 	 7 	 2000 	 1059.988371
2 	 3 	 0.450000 	 0.050000 	 0.990000 	 32 	4000 	 10 	 32 	 7 	 2000 	 1382.449838
2 	 0 	 0.090000 	 0.010000 	 0.500000 	 32 	4000 	 10 	 32 	 15 	 2000 	 1405.055167
2 	 1 	 0.090000 	 0.010000 	 0.500000 	 32 	4000 	 10 	 32 	 15 	 2000 	 1439.844769
2 	 2 	 0.090000 	 0.010000 	 0.500000 	 32 	4000 	 10 	 32 	 15 	 2000 	 1423.601365
2 	 3 	 0.090000 	 0.010000 	 0.500000 	 32 	4000 	 10 	 32 	 15 	 2000 	 1369.441313
2 	 0 	 0.450000 	 0.050000 	 0.500000 	 32 	4000 	 10 	 32 	 15 	 2000 	 1377.635027
2 	 1 	 0.450000 	 0.050000 	 0.500000 	 32 	4000 	 10 	 32 	 15 	 2000 	 1500.574722
2 	 2 	 0.450000 	 0.050000 	 0.500000 	 32 	4000 	 10 	 32 	 15 	 2000 	 1369.701558
2 	 3 	 0.450000 	 0.050000 	 0.500000 	 32 	4000 	 10 	 32 	 15 	 2000 	 1460.564137
2 	 0 	 0.090000 	 0.010000 	 0.750000 	 32 	4000 	 10 	 32 	 15 	 2000 	 1462.455735
2 	 1 	 0.090000 	 0.010000 	 0.750000 	 32 	4000 	 10 	 32 	 15 	 2000 	 1549.015564
2 	 2 	 0.090000 	 0.010000 	 0.750000 	 32 	4000 	 10 	 32 	 15 	 2000 	 1431.362309
2 	 3 	 0.090000 	 0.010000 	 0.750000 	 32 	4000 	 10 	 32 	 15 	 2000 	 1364.554562
2 	 0 	 0.450000 	 0.050000 	 0.750000 	 32 	4000 	 10 	 32 	 15 	 2000 	 1385.118520
2 	 1 	 0.450000 	 0.050000 	 0.750000 	 32 	4000 	 10 	 32 	 15 	 2000 	 1261.211082
2 	 2 	 0.450000 	 0.050000 	 0.750000 	 32 	4000 	 10 	 32 	 15 	 2000 	 1417.430911
2 	 3 	 0.450000 	 0.050000 	 0.750000 	 32 	4000 	 10 	 32 	 15 	 2000 	 1409.112766
2 	 0 	 0.090000 	 0.010000 	 0.900000 	 32 	4000 	 10 	 32 	 15 	 2000 	 1401.875164
2 	 1 	 0.090000 	 0.010000 	 0.900000 	 32 	4000 	 10 	 32 	 15 	 2000 	 1498.148442
2 	 2 	 0.090000 	 0.010000 	 0.900000 	 32 	4000 	 10 	 32 	 15 	 2000 	 1413.800276
2 	 3 	 0.090000 	 0.010000 	 0.900000 	 32 	4000 	 10 	 32 	 15 	 2000 	 1507.645523
2 	 0 	 0.450000 	 0.050000 	 0.900000 	 32 	4000 	 10 	 32 	 15 	 2000 	 1378.198200
2 	 1 	 0.450000 	 0.050000 	 0.900000 	 32 	4000 	 10 	 32 	 15 	 2000 	 1391.865369
2 	 2 	 0.450000 	 0.050000 	 0.900000 	 32 	4000 	 10 	 32 	 15 	 2000 	 1426.996884
2 	 3 	 0.450000 	 0.050000 	 0.900000 	 32 	4000 	 10 	 32 	 15 	 2000 	 1452.035973
2 	 0 	 0.090000 	 0.010000 	 0.990000 	 32 	4000 	 10 	 32 	 15 	 2000 	 1409.928406
2 	 1 	 0.090000 	 0.010000 	 0.990000 	 32 	4000 	 10 	 32 	 15 	 2000 	 1369.223893
2 	 2 	 0.090000 	 0.010000 	 0.990000 	 32 	4000 	 10 	 32 	 15 	 2000 	 1480.139519
2 	 3 	 0.090000 	 0.010000 	 0.990000 	 32 	4000 	 10 	 32 	 15 	 2000 	 1396.223038
2 	 0 	 0.450000 	 0.050000 	 0.990000 	 32 	4000 	 10 	 32 	 15 	 2000 	 1492.894817
2 	 1 	 0.450000 	 0.050000 	 0.990000 	 32 	4000 	 10 	 32 	 15 	 2000 	 1428.415653
2 	 2 	 0.450000 	 0.050000 	 0.990000 	 32 	4000 	 10 	 32 	 15 	 2000 	 1365.044753
2 	 3 	 0.450000 	 0.050000 	 0.990000 	 32 	4000 	 10 	 32 	 15 	 2000 	 1487.415832
