16      0.045000
32      0.306000
64      2.163000
128     15.685000
256     54.514000
512     340.218994
1024    2697.131104
16      1       2       0.787000
16      1       2       0.742000
16      1       2       0.988000
16      1       2       0.748000
16      1       2       0.681000
16      1       2       0.738000
16      1       2       0.705000
16      1       2       0.777000
16      1       2       0.733000
16      2       2       0.905000
16      2       2       0.880000
16      2       2       0.923000
16      2       2       0.921000
16      2       2       0.878000
16      2       2       0.817000
16      2       2       0.865000
16      2       2       0.917000
16      2       2       0.787000
16      4       2       1.283000
16      4       2       1.256000
16      4       2       1.196000
16      4       2       1.215000
16      4       2       1.141000
16      4       2       1.301000
16      4       2       1.242000
16      4       2       0.978000
16      4       2       1.286000
16      8       2       1.786000
16      8       2       1.846000
16      8       2       1.793000
16      8       2       1.950000
16      8       2       1.798000
16      8       2       1.732000
16      8       2       1.671000
16      8       2       1.745000
16      8       2       1.798000
16      16      2       41.479000
16      16      2       57.466000
16      16      2       33.984001
16      16      2       69.346001
16      16      2       33.918999
16      16      2       44.983002
16      16      2       34.078999
16      16      2       45.608002
16      16      2       17.813999
16      32      2       141.427994
16      32      2       129.389008
16      32      2       93.415001
16      32      2       145.300995
16      32      2       182.466003
16      32      2       114.483002
16      32      2       160.703995
16      32      2       153.201996
16      32      2       106.574997
16      64      2       92.529999
16      64      2       185.334000
16      64      2       171.768997
16      64      2       219.509003
16      64      2       201.871002
16      64      2       140.910004
16      64      2       157.884995
16      64      2       164.110001
16      64      2       213.520004
32      1       4       0.684000
32      1       4       0.709000
32      1       4       0.651000
32      1       4       1.347000
32      1       4       1.406000
32      1       4       1.371000
32      1       4       1.380000
32      1       4       1.364000
32      1       4       1.399000
32      2       4       1.351000
32      2       4       1.507000
32      2       4       1.020000
32      2       4       1.114000
32      2       4       1.450000
32      2       4       1.308000
32      2       4       1.393000
32      2       4       1.312000
32      2       4       1.399000
32      4       4       1.830000
32      4       4       1.815000
32      4       4       1.774000
32      4       4       1.694000
32      4       4       1.727000
32      4       4       1.719000
32      4       4       1.713000
32      4       4       1.766000
32      4       4       1.700000
32      8       4       2.471000
32      8       4       2.442000
32      8       4       2.526000
32      8       4       2.430000
32      8       4       2.369000
32      8       4       2.445000
32      8       4       2.441000
32      8       4       2.414000
32      8       4       2.356000
32      16      4       4.270000
32      16      4       4.601000
32      16      4       37.887001
32      16      4       44.999001
32      16      4       21.725000
32      16      4       21.982000
32      16      4       36.167999
32      16      4       53.590000
32      16      4       2.009000
32      32      4       329.269012
32      32      4       273.252014
32      32      4       309.304993
32      32      4       297.388000
32      32      4       356.704010
32      32      4       297.658997
32      32      4       282.497986
32      32      4       261.588013
32      32      4       357.225006
32      64      4       309.513000
32      64      4       413.740997
32      64      4       316.709015
32      64      4       407.678986
32      64      4       353.122986
32      64      4       333.002014
32      64      4       444.614990
32      64      4       316.829010
32      64      4       468.615997
64      1       8       1.683000
64      1       8       1.627000
64      1       8       3.843000
64      1       8       3.908000
64      1       8       3.881000
64      1       8       3.854000
64      1       8       3.876000
64      1       8       3.715000
64      1       8       3.836000
64      2       8       2.804000
64      2       8       2.783000
64      2       8       2.747000
64      2       8       2.776000
64      2       8       2.843000
64      2       8       2.772000
64      2       8       2.725000
64      2       8       2.772000
64      2       8       2.722000
64      4       8       2.980000
64      4       8       2.775000
64      4       8       2.799000
64      4       8       2.795000
64      4       8       2.841000
64      4       8       2.857000
64      4       8       2.774000
64      4       8       2.926000
64      4       8       2.817000
64      8       8       3.866000
64      8       8       3.766000
64      8       8       3.860000
64      8       8       3.763000
64      8       8       3.901000
64      8       8       3.889000
64      8       8       3.851000
64      8       8       3.847000
64      8       8       4.006000
64      16      8       17.399000
64      16      8       77.364998
64      16      8       48.937000
64      16      8       57.592999
64      16      8       11.473000
64      16      8       44.104000
64      16      8       92.458000
64      16      8       80.196999
64      16      8       34.581001
64      32      8       536.372009
64      32      8       621.145020
64      32      8       636.697021
64      32      8       568.690979
64      32      8       645.309021
64      32      8       525.786011
64      32      8       789.533020
64      32      8       573.744019
64      32      8       753.534973
64      64      8       522.155029
64      64      8       463.330994
64      64      8       504.731995
64      64      8       517.684998
64      64      8       656.500977
64      64      8       609.241028
64      64      8       701.005981
64      64      8       809.138000
64      64      8       449.546997
128     1       16      9.929000
128     1       16      10.118000
128     1       16      12.285000
128     1       16      7.937000
128     1       16      13.148000
128     1       16      14.882000
128     1       16      17.497000
128     1       16      18.589001
128     1       16      8.189000
128     2       16      8.224000
128     2       16      7.113000
128     2       16      7.105000
128     2       16      10.617000
128     2       16      10.662000
128     2       16      10.752000
128     2       16      10.648000
128     2       16      10.501000
128     2       16      10.660000
128     4       16      8.113000
128     4       16      8.101000
128     4       16      8.221000
128     4       16      8.115000
128     4       16      8.257000
128     4       16      8.215000
128     4       16      8.143000
128     4       16      8.414000
128     4       16      8.216000
128     8       16      7.782000
128     8       16      7.722000
128     8       16      7.604000
128     8       16      7.637000
128     8       16      7.541000
128     8       16      7.538000
128     8       16      7.539000
128     8       16      7.445000
128     8       16      7.431000
128     16      16      11.908000
128     16      16      11.269000
128     16      16      52.141998
128     16      16      5.406000
128     16      16      6.452000
128     16      16      9.468000
128     16      16      28.969999
128     16      16      5.583000
128     16      16      5.775000
128     32      16      1105.016968
128     32      16      1316.833008
128     32      16      1383.334961
128     32      16      1081.616943
128     32      16      1244.281006
128     32      16      1345.224976
128     32      16      1252.943970
128     32      16      1329.192993
128     32      16      1178.344971
128     64      16      1038.780029
128     64      16      937.806030
128     64      16      1173.102051
128     64      16      981.297974
128     64      16      1072.678955
128     64      16      1033.009033
128     64      16      971.669983
128     64      16      936.341980
128     64      16      919.948975
256     1       32      51.008999
256     1       32      51.144001
256     1       32      56.245998
256     1       32      57.422001
256     1       32      55.571999
256     1       32      55.168999
256     1       32      49.196999
256     1       32      55.536999
256     1       32      53.634998
256     2       32      32.221001
256     2       32      27.761000
256     2       32      34.824001
256     2       32      31.499001
256     2       32      32.729000
256     2       32      31.150999
256     2       32      32.419998
256     2       32      28.684000
256     2       32      26.941999
256     4       32      23.142000
256     4       32      22.316000
256     4       32      23.187000
256     4       32      18.868000
256     4       32      23.690001
256     4       32      28.153000
256     4       32      22.087999
256     4       32      21.707001
256     4       32      23.170000
256     8       32      21.855000
256     8       32      20.191999
256     8       32      15.302000
256     8       32      20.861000
256     8       32      23.261999
256     8       32      18.797001
256     8       32      15.197000
256     8       32      20.791000
256     8       32      22.667000
256     16      32      24.340000
256     16      32      24.790001
256     16      32      17.625999
256     16      32      17.895000
256     16      32      17.608999
256     16      32      22.641001
256     16      32      23.638000
256     16      32      18.063999
256     16      32      27.729000
256     32      32      3420.404053
256     32      32      3143.861084
256     32      32      3138.834961
256     32      32      3114.623047
256     32      32      3054.594971
256     32      32      3569.863037
256     32      32      2939.508057
256     32      32      3219.888916
256     32      32      3258.547119
256     64      32      2191.227051
256     64      32      1963.363037
256     64      32      1947.520996
256     64      32      2251.834961
256     64      32      2159.353027
256     64      32      2059.516113
256     64      32      2031.732056
256     64      32      1775.520996
256     64      32      2296.196045
512     1       64      350.493011
512     1       64      357.979004
512     1       64      351.829010
512     1       64      353.880005
512     1       64      354.666992
512     1       64      350.927002
512     1       64      349.737000
512     1       64      347.343994
512     1       64      351.197998
512     2       64      193.856003
512     2       64      190.869995
512     2       64      192.994995
512     2       64      195.834000
512     2       64      201.164001
512     2       64      195.891006
512     2       64      189.203995
512     2       64      186.352997
512     2       64      186.138000
512     4       64      113.153999
512     4       64      111.985001
512     4       64      113.694000
512     4       64      118.082001
512     4       64      116.458000
512     4       64      116.945000
512     4       64      114.995003
512     4       64      115.471001
512     4       64      112.389000
512     8       64      64.199997
512     8       64      63.695999
512     8       64      70.350998
512     8       64      64.295998
512     8       64      78.853996
512     8       64      66.516998
512     8       64      66.823997
512     8       64      64.818001
512     8       64      69.749001
512     16      64      87.774002
512     16      64      91.455002
512     16      64      87.300003
512     16      64      87.136002
512     16      64      87.517998
512     16      64      85.736000
512     16      64      83.823997
512     16      64      91.873001
512     16      64      87.572998
512     32      64      6164.693848
512     32      64      6279.413086
512     32      64      6385.537109
512     32      64      5787.132812
512     32      64      5967.859863
512     32      64      6219.748047
512     32      64      6267.701172
512     32      64      6063.033203
512     32      64      6134.773926
512     64      64      4272.136230
512     64      64      3906.443115
512     64      64      3862.878906
512     64      64      4433.441895
512     64      64      4010.150879
512     64      64      3940.814941
512     64      64      4237.976074
512     64      64      4246.537109
512     64      64      3897.298096
1024    1       128     2703.092041
1024    1       128     2708.134033
1024    1       128     2694.573975
1024    1       128     2692.652100
1024    1       128     2693.949951
1024    1       128     2695.291992
1024    1       128     2693.844971
1024    1       128     2698.008057
1024    1       128     2678.724121
1024    2       128     1374.338989
1024    2       128     1393.375977
1024    2       128     1386.581055
1024    2       128     1384.223022
1024    2       128     1397.759033
1024    2       128     1373.713013
1024    2       128     1400.348022
1024    2       128     1369.124023
1024    2       128     1376.348999
1024    4       128     765.393005
1024    4       128     772.109985
1024    4       128     769.672974
1024    4       128     773.005981
1024    4       128     773.523987
1024    4       128     766.174011
1024    4       128     770.023987
1024    4       128     772.723022
1024    4       128     771.880005
1024    8       128     421.830994
1024    8       128     410.869995
1024    8       128     404.161011
1024    8       128     464.657990
1024    8       128     408.783997
1024    8       128     419.351990
1024    8       128     430.162994
1024    8       128     407.907990
1024    8       128     480.843994
1024    16      128     570.211975
1024    16      128     562.827026
1024    16      128     766.437012
1024    16      128     558.083984
1024    16      128     589.435974
1024    16      128     585.312988
1024    16      128     577.036011
1024    16      128     564.143982
1024    16      128     560.937988
1024    32      128     12374.828125
1024    32      128     13868.975586
1024    32      128     12393.618164
1024    32      128     12523.028320
1024    32      128     11953.766602
1024    32      128     12221.135742
1024    32      128     12704.028320
1024    32      128     12751.965820
1024    32      128     12869.669922
1024    64      128     7564.712891
1024    64      128     7533.100098
1024    64      128     8206.508789
1024    64      128     7621.625000
1024    64      128     8153.990234
1024    64      128     7746.089844
1024    64      128     8069.434082
1024    64      128     7816.299805
1024    64      128     8514.863281